Saccade - 0 2000000 5000000 3000000 690.0 799.0 1357.0 695.0
Fixation - 0 5000000 8000000 3000000 1355 699 0 0
Saccade - 1 8000000 11000000 3000000 1357.0 699.0 622.0 318.0
Fixation - 1 11000000 14000000 3000000 618 309 0 0
Saccade - 1 14000000 16000000 2000000 618 309 0 0
Fixation - 1 16000000 22000000 6000000 618 309 0 0
Saccade - 1 22000000 23000000 1000000 618 309 0 0
Fixation - 1 23000000 42000000 19000000 618 309 0 0
Saccade - 1 42000000 55000000 13000000 618 309 0 0
Fixation - 1 55000000 82000000 27000000 618 309 0 0
Saccade - 1 82000000 92000000 10000000 618 309 0 0
